-4.90196
 -2.25681
 -0.250814
 3.87
 1.85401
 0.66042
 -2.79466
 -1.22177
 -0.609377
 2.28454
 1.02472
 0.82053
 -1.60423
 -0.567247
 -0.642929
 1.3919
 0.515582
 0.776842
 -0.93518
 -0.176993
 -0.555286
 0.890135
 0.221122
 0.667246
 -0.558181
 0.0412968
 -0.437885
 0.605923
 0.0626523
 0.550797
 -0.342821
 0.153347
 -0.327499
 0.441577
 -0.0138083
 0.449165
 -0.216248
 0.202866
 -0.235748
 0.342985
 -0.0432155
 0.367448
 -0.138425
 0.217495
 -0.163642
 0.280632
 -0.0471921
 0.304217
 -0.0876611
 0.213978
 -0.108409
 0.238621
 -0.038573
 0.256073
 -0.0523307
 0.202048
 -0.0664741
 0.208459
 -0.0246548
 0.219531
 -0.0262289
 0.187106
 -0.034593
 0.185604
 -0.00937749
 0.191666
 -0.00602088
 0.171974
 -0.010181
 0.167594
 0.00528279
 0.170224
 0.0101296
 0.157995
 0.00870307
 0.153043
 0.0184542
 0.153546
 0.0232863
 0.145696
 0.023473
 0.141118
 0.0298603
 0.140431
 0.0341116
 0.135176
 0.0351478
 0.13128
 0.0395222
 0.130014
 0.0430577
 0.126332
 0.0444617
 0.123143
 0.047597
 0.121671
 0.0504593
 0.118974
 0.0519485
 0.116412
 End of simulation.
